benchmark,project,bug,java_version,exclude_broken_tests,buggy_version,checkout,compile,metadata,test,num_all_tests,num_failing_tests
Defects4J,Lang,5,7,0,false,1,1,1,1,2271,0
