benchmark,project,bug,java_version,exclude_broken_tests,buggy_version,checkout,compile,metadata,test,num_all_tests,num_failing_tests
IntroClassJava,grade,1c2bb3a40a82cba97b2937bc6825903a28ecfe91f993fc177a0f2ae003bcc7b1073eb49e35d3f0f69d6b612e8347e9c1b93306bf25a7e5390098c1a06845baac-000,7,0,1,1,1,1,1,18,2
