benchmark,project,bug,java_version,exclude_broken_tests,buggy_version,checkout,compile,metadata,test,num_all_tests,num_failing_tests
Bugs.jar,Commons-Math,63d88c74,7,0,false,1,1,1,1,5554,0
