benchmark,project,bug,java_version,exclude_broken_tests,buggy_version,checkout,compile,metadata,test,num_all_tests,num_failing_tests
Bugs.jar,Logging-Log4J2,3b4b370e,7,0,false,1,1,1,1,631,0
