benchmark,project,bug,java_version,exclude_broken_tests,buggy_version,checkout,compile,metadata,test,num_all_tests,num_failing_tests
Bugs.jar,Camel,ed7e7c9f,8,0,false,1,1,1,1,4620,14
