benchmark,project,bug,java_version,exclude_broken_tests,buggy_version,checkout,compile,metadata,test,num_all_tests,num_failing_tests
Bugs.jar,Jackrabbit-Oak,9120fd1b,7,0,1,1,1,1,1,204,1
