benchmark,project,bug,java_version,exclude_broken_tests,buggy_version,checkout,compile,metadata,test,num_all_tests,num_failing_tests
Defects4J,Closure,73,8,0,1,1,1,1,1,6909,3
