benchmark,project,bug,java_version,exclude_broken_tests,buggy_version,checkout,compile,metadata,test,num_all_tests,num_failing_tests
Bugs.jar,Camel,cac72b14,8,0,1,1,1,1,1,5128,3
