benchmark,project,bug,java_version,exclude_broken_tests,buggy_version,checkout,compile,metadata,test,num_all_tests,num_failing_tests
Bugs.jar,Logging-Log4J2,50e19247,8,0,1,1,1,1,1,339,5
